Exercise_8/gbg_elev.tif
NCOLS 363
NROWS 301
XLLCORNER 154218.09
YLLCORNER 6411238.1
DX 7.784946
DY 7.7628349
NODATA_VALUE -9999
[rows 104 to 129 of 301, columns 0 to 59 of 363]
128.0278 130.08991 131.45959 129.85648 128.64019 128.25022 128.27459 128.30393 128.27536 128.2085 128.12103 128.02076 127.91311 127.80452 127.69857 127.58421 127.43641 127.28717 126.98952 126.36552 126.69852 125.56588 125.08153 126.663 126.87289 126.7908 126.39929 127.26479 128.14094 128.84406 129.48338 130.2489 131.16198 130.92451 131.02396 131.30386 131.54462 131.88143 132.01861 132.38426 132.94715 133.8694 132.94136 132.51916 132.59186 132.53963 132.644 133.75536 133.60286 133.62898 133.9702 135.12712 134.81382 134.99974 134.70183 133.36091 133.74447 132.57934 132.0949 131.82205
126.64007 128.46188 129.39367 129.1094 128.6693 128.41244 128.29538 128.22163 128.14775 128.05976 127.95263 127.82209 127.6676 127.50316 127.35149 127.19318 126.82346 126.39526 127.04741 127.10241 126.91977 126.52189 126.7501 127.08771 127.23637 126.72166 125.05817 127.1203 128.18078 128.88322 129.51689 130.22647 131.01252 130.80148 131.08412 131.61747 131.54133 131.72291 131.59098 131.74688 132.02962 132.32243 132.16318 132.01063 132.00077 132.0273 132.03084 132.42717 132.83219 133.27649 133.19509 133.59933 133.83266 133.29642 133.27508 133.82492 136.03768 133.16791 132.85358 132.60678
126.06556 127.83017 128.52375 128.58704 128.44911 128.30185 128.1873 128.09398 128.00331 127.89934 127.76641 127.58292 127.32182 126.99115 126.72814 126.39147 126.25972 125.12087 127.00298 127.32296 127.35447 127.34847 127.40778 127.48747 127.46307 127.03363 125.76618 126.99509 128.12227 128.87972 129.56161 130.25682 130.82552 130.86048 131.15729 131.78244 131.31742 131.40836 131.30712 131.33789 131.45393 131.55471 131.58084 131.58943 131.59402 131.64873 131.77973 131.89209 132.07355 132.26657 132.42311 133.05442 133.05595 132.70316 133.44732 134.66266 134.10381 133.88896 134.62998 134.88591
127.55162 127.94204 128.2258 128.28425 128.22253 128.12257 128.02484 127.93707 127.84634 127.73352 127.57414 127.31775 126.83713 125.95576 125.35174 124.37398 126.25799 126.85639 127.23327 127.44996 127.54577 127.60283 127.65629 127.69473 127.66404 127.45273 126.52375 125.79135 127.9279 128.72898 129.65171 130.61921 131.85694 131.16049 131.15544 131.33991 131.4627 131.13677 131.07205 131.07025 131.10581 131.14742 131.17744 131.20174 131.2328 131.29041 131.37897 131.48534 131.62014 131.77421 131.92662 132.10058 132.21454 132.34477 132.90971 133.73704 134.12218 134.78238 134.19576 133.88677
127.95489 128.03209 128.10616 128.10798 128.03888 127.93221 127.82793 127.75684 127.6828 127.57063 127.39463 127.08581 126.35805 124.05514 125.60101 126.31086 126.76102 127.13501 127.36835 127.52759 127.63457 127.71259 127.77401 127.81267 127.80128 127.68486 127.39242 127.13064 127.02997 128.18758 129.9094 131.69339 131.37617 132.81753 131.83144 131.6833 131.41074 131.10999 130.97669 130.91926 130.89825 130.89475 130.90025 130.91473 130.94339 130.99344 131.06888 131.17349 131.32719 131.63543 131.80349 131.95852 131.89874 132.14138 133.33037 132.82257 132.85346 133.11738 133.59223 135.49857
128.00892 128.03351 128.04931 128.0113 127.91091 127.8184 127.50883 127.52905 127.51676 127.41542 127.23725 126.92939 126.34312 125.61241 126.12047 126.6266 126.96103 127.21955 127.4138 127.55965 127.67143 127.76008 127.83013 127.87521 127.8713 127.75071 127.18403 126.0293 127.65577 128.82975 130.41647 131.8584 131.84268 131.66823 132.34275 133.74773 131.64807 131.25031 130.99538 130.87166 130.79335 130.7415 130.71147 130.70253 130.71601 130.75445 130.82113 130.92275 131.07974 131.34568 131.51744 131.6227 131.81922 132.04149 132.67905 132.43947 132.4216 132.61792 133.05559 134.26061
128.00526 128.04079 128.05848 127.99943 127.85634 127.68444 126.05314 127.29388 127.35807 127.26489 127.09204 126.79442 126.20744 124.56172 125.96458 126.5699 126.9467 127.21525 127.41062 127.55866 127.67618 127.77264 127.85025 127.90096 127.89579 127.74826 127.23911 126.74706 127.55665 128.73417 130.4928 130.83386 130.97051 131.02737 131.33832 131.67874 131.65442 131.40521 131.10848 130.92277 130.77622 130.66407 130.58758 130.54565 130.53651 130.55927 130.61471 130.7062 130.83971 131.01261 131.1961 131.41694 131.78084 132.00022 132.86058 132.2793 132.37801 132.60386 132.86526 133.18971
128.05611 128.13063 128.20641 128.14725 127.92566 127.72204 127.45172 127.23601 127.18643 127.10442 126.94332 126.65646 126.08039 125.23593 125.51095 126.27641 126.83927 127.1688 127.38145 127.53618 127.6593 127.76213 127.84645 127.90278 127.89703 127.69016 126.19272 126.91073 128.36849 129.18874 129.94059 130.4167 130.68508 130.91655 131.20487 131.50817 131.77207 131.61516 131.35161 131.08745 130.84211 130.64782 130.51162 130.42855 130.39159 130.39541 130.43727 130.51669 130.634 130.78761 130.97785 131.22653 131.57514 131.79271 132.01441 132.3236 132.71892 133.1168 133.43892 133.3871
128.15574 128.35596 128.77913 128.79858 128.19284 127.80608 127.45213 126.46739 126.92764 126.90866 126.76305 126.53149 125.93513 124.42625 124.168 125.92947 126.75138 127.12357 127.34351 127.50042 127.62657 127.73427 127.82473 127.88691 127.88724 127.74038 127.2282 127.68172 128.74709 129.56755 130.34407 130.80461 130.90768 131.09568 131.47138 132.14329 132.45557 132.06094 131.80981 131.38527 130.98129 130.67543 130.46664 130.33675 130.26915 130.2525 130.28016 130.34888 130.45739 130.60582 130.79714 131.0377 131.32198 131.62974 132.03915 132.73037 133.72787 134.36197 135.13384 134.06072
128.28623 128.62894 130.04604 130.66059 128.76814 127.86001 127.31223 126.80259 126.79679 126.6149 126.4348 126.37972 126.18452 125.72475 125.39597 126.20431 126.79076 127.10479 127.30491 127.45468 127.58003 127.69113 127.78781 127.85525 127.84088 127.58253 127.23647 128.01488 128.98827 130.01528 131.5127 132.44507 131.44549 131.44939 131.95327 132.74284 133.79569 133.03248 132.29573 131.76752 131.15387 130.71755 130.43213 130.25557 130.158 130.12133 130.13546 130.19525 130.29881 130.44681 130.64285 130.89356 131.21026 131.62926 132.24405 132.99795 133.96571 135.28624 133.85524 133.60701
128.46608 128.74362 129.53521 130.70418 129.84704 127.91534 127.29499 126.70418 126.58993 126.02354 125.43272 125.97695 126.25913 126.29218 126.35242 126.60011 126.88008 127.09604 127.26058 127.39648 127.51799 127.63165 127.73646 127.81659 127.80088 127.2524 124.48794 127.19958 129.05474 130.28879 132.06124 133.2184 131.89816 131.88202 132.65597 135.88636 133.88091 135.98951 133.12922 132.11216 131.28302 130.73296 130.38557 130.1715 130.04846 129.99374 129.99546 130.04773 130.14853 130.29909 130.50494 130.77899 131.14884 131.66748 132.60636 133.64256 134.26601 134.31257 133.44076 133.11333
128.97429 128.84882 129.75036 130.94496 128.79238 127.76028 127.29942 127.05047 126.14484 125.13461 124.36063 125.4442 126.11364 126.38414 126.56757 126.74328 126.91433 127.06586 127.1981 127.31891 127.43532 127.55117 127.66635 127.77283 127.83665 127.75158 127.57766 128.10911 129.17855 130.26869 131.92874 132.43669 132.63688 132.40091 133.86203 134.42617 136.15154 134.57214 133.67199 132.24968 131.28663 130.68453 130.31184 130.07723 129.93428 129.8628 129.85243 129.89778 129.99709 130.15165 130.36784 130.66277 131.07698 131.71421 132.22831 133.04308 133.69786 134.61447 133.82478 133.12195
131.16066 128.98888 128.77888 128.69393 128.09315 127.57693 127.28355 127.57616 126.4822 125.27892 125.49768 124.63524 125.73349 126.17369 126.5535 126.74661 126.88224 126.9975 127.10502 127.21233 127.3238 127.44105 127.56478 127.69681 127.84022 128.00005 128.22484 128.632 129.23461 129.98363 130.80644 131.60329 132.45763 132.82361 136.40762 135.29303 135.52227 135.14 133.2128 132.02827 131.11931 130.56649 130.22512 129.98243 129.81494 129.72249 129.69727 129.7346 129.83374 129.99391 130.21787 130.52013 130.93256 131.47963 131.9553 132.88489 133.48598 133.53856 135.44879 133.5576
130.49733 128.91233 128.37233 128.07281 127.75451 127.45392 127.23816 126.98472 126.45021 126.36459 126.13864 125.88913 124.42786 125.86475 126.49973 126.69032 126.79703 126.8825 126.96769 127.06307 127.17145 127.28919 127.41301 127.54784 127.72513 127.99526 128.33307 128.72421 129.18633 129.75323 130.47212 131.44774 132.69599 132.66528 136.27862 133.94398 134.32259 133.21395 132.3803 131.48582 130.81476 130.45534 130.26785 129.93575 129.69327 129.5647 129.51493 129.53787 129.64183 129.81666 130.04904 130.34715 130.73331 131.23705 131.83292 131.97527 132.42383 132.94607 133.54711 135.70354
129.86446 129.00361 128.27728 127.8936 127.61034 127.38274 127.25026 127.64935 127.06241 126.6176 126.37231 126.23355 126.09475 126.26747 126.48986 126.59857 126.65757 126.70442 126.76112 126.84565 126.95931 127.08031 127.18734 127.26752 127.31175 127.82916 128.34484 128.77441 129.14527 129.57853 130.26457 131.54505 133.4207 132.588 133.27385 132.7573 132.25062 131.81 131.3486 130.84867 130.48094 130.52547 131.61158 129.96004 129.55389 129.37437 129.27335 129.24159 129.37941 129.61406 129.86456 130.15443 130.507 130.93366 131.41151 131.87042 132.01239 133.01267 133.27478 134.21193
131.42652 129.28876 128.31041 127.85542 127.5501 127.33354 127.22647 127.49088 127.33588 126.49093 126.03617 126.19739 126.30183 126.37326 126.43142 126.4492 126.43561 126.42127 126.42103 126.49365 126.6505 126.79693 126.83324 126.83215 126.2329 127.7245 128.49393 129.10647 129.28903 129.42084 129.86071 130.72319 131.71681 131.66703 131.8577 132.15958 131.35822 130.87407 130.5943 130.34099 130.20033 130.59994 130.49644 129.74137 129.35976 129.13544 128.90692 128.50805 128.96133 129.40511 129.67659 129.95582 130.28038 130.66144 131.10002 131.54425 131.77295 132.27032 133.08114 134.85107
129.48816 129.23964 128.47891 127.90463 127.5305 127.28398 127.13112 127.06185 126.82443 126.09314 124.18715 125.90506 126.21277 126.28986 126.28681 126.20375 126.03202 125.93206 125.72302 125.75398 126.15443 126.44063 126.23401 125.37361 126.88922 127.88004 128.98561 130.83209 130.00877 129.32646 129.33801 129.74059 130.26083 130.51554 130.63488 130.52001 130.3682 130.23492 130.20796 130.1042 129.96967 130.42366 130.1162 129.42424 129.1248 128.86799 128.30295 128.54916 128.91332 129.24745 129.49669 129.75914 130.06562 130.42957 130.88735 131.7868 131.64549 132.18391 133.54037 137.77104
131.40083 131.03899 128.939 128.03961 127.52976 127.23127 127.03608 126.87671 126.67186 126.29817 125.55883 125.43654 126.06859 126.11092 126.06513 125.85058 124.84942 124.95662 124.20234 124.00356 125.07492 126.01363 126.25263 126.42858 127.27639 127.84458 129.21402 131.86258 130.93825 129.08698 128.7356 128.82035 129.16963 129.42871 129.59018 129.66357 129.74444 129.92175 130.73717 130.56477 130.09049 129.56695 129.33202 129.09072 128.89725 128.57581 128.27311 128.71906 128.92025 129.11185 129.31588 129.55849 129.85835 130.22113 130.65669 131.12632 131.54804 132.23478 133.69302 136.66726
129.95872 130.25662 130.1138 128.21053 127.51203 127.16733 126.95663 126.80418 126.71383 127.23421 126.31426 125.93642 125.93092 125.75336 125.72234 125.62556 124.38435 124.68166 125.09255 124.60228 123.46232 125.58504 125.74236 126.39137 127.41518 127.60259 128.36831 129.23974 129.09035 128.45634 128.06427 128.14456 128.34751 128.62523 128.86728 129.0566 129.41099 130.58996 130.18022 130.17903 130.23251 129.18275 128.93554 128.80431 128.70604 128.60302 128.57021 128.69035 128.81155 128.94727 129.10214 129.32282 129.6446 130.03363 130.52836 131.30608 131.66799 132.78541 133.54324 134.08358
128.62758 129.40462 129.50863 128.1293 127.43189 127.07732 126.8739 126.74434 126.67939 126.75782 126.34592 126.06558 125.64869 124.71754 124.99422 125.51152 125.51427 125.47578 125.40495 125.06914 122.1934 125.28129 125.31426 126.07445 126.94144 127.33371 127.66609 127.9617 127.9637 127.7777 127.81801 127.84382 127.96646 128.10909 128.30283 128.53266 128.9891 130.49918 130.17822 129.08728 128.86763 128.70809 128.60745 128.54674 128.51119 128.49764 128.51382 128.56511 128.64591 128.74655 128.76328 128.8997 129.41243 129.85011 130.37806 131.19282 131.71187 133.83847 135.22769 134.42403
128.05243 128.90899 130.059 128.09188 127.2928 126.95264 126.77868 126.6875 126.64669 126.56326 126.24887 126.01773 125.4567 124.04327 123.9352 125.37693 125.57855 125.45157 124.83039 124.99279 125.11213 125.41135 124.85932 125.98479 127.18701 127.23817 127.2915 127.37617 127.30788 126.01613 127.19458 126.73372 127.26228 127.56757 127.79694 128.00865 128.30542 128.72756 128.73136 128.23566 128.13766 128.30587 128.31252 128.30307 128.30444 128.32109 128.34792 128.37621 128.42898 128.51774 128.52571 128.59711 129.23401 129.67221 130.162 130.77511 131.63596 132.96393 133.54321 133.71006
127.63059 128.50968 129.78703 127.78023 127.06236 126.79014 126.67667 126.66177 126.81138 127.27403 126.42887 125.97632 125.55198 125.03901 125.04275 125.40056 125.45333 125.27713 123.9652 124.71095 125.28404 123.44002 125.49792 126.0822 126.77801 127.65582 127.1881 126.96281 127.00731 126.97541 126.97555 126.70968 126.32347 127.0594 127.53303 127.54073 127.7073 127.903 128.02101 128.04068 128.03044 128.03719 128.06085 128.07391 128.09756 128.13457 128.17256 128.14425 128.17525 128.08288 128.52848 128.79423 129.12755 129.51467 129.98571 130.6213 131.68989 134.68946 132.93937 132.91326
127.17322 127.36871 127.41069 127.05654 126.74642 126.59772 126.60709 126.6948 127.27501 127.08323 126.29714 125.82317 125.37197 125.06643 125.23942 125.29371 125.01802 124.94328 124.84129 125.0687 125.462 125.09058 125.63612 124.52794 126.05286 126.70603 126.26928 126.25283 126.63292 126.74084 126.77363 126.6804 126.32437 126.57641 127.48259 127.04142 127.24069 127.53881 127.51484 127.65474 127.78044 127.82562 127.83638 127.86359 127.90266 127.95338 128.01787 128.04872 128.06473 128.17789 128.44369 128.70603 129.00449 129.3673 129.83075 130.48528 131.60307 134.93759 132.83852 132.33066
126.81644 126.80289 126.72315 126.56956 126.42131 126.36511 126.64304 127.60009 126.45673 126.10641 125.95786 125.50374 124.66505 122.5521 124.95264 125.0331 123.91065 124.04637 124.48706 124.95245 125.71352 125.87352 125.87063 125.62875 124.78937 126.12643 125.96217 125.96704 125.85551 126.30343 126.39612 126.43449 126.02198 124.95421 126.01526 125.60361 126.37837 126.73165 126.83608 127.1624 127.43426 127.56473 127.66141 127.71519 127.80529 127.81095 127.84958 127.9464 128.04111 128.16051 128.34764 128.58305 128.87073 129.2269 129.6845 130.33727 131.50715 135.33475 132.51105 131.8339
126.61475 126.51658 126.36163 126.20859 126.08423 126.02225 126.10996 126.24673 126.06861 125.91571 125.58811 125.02852 123.62463 124.1096 124.92462 124.64572 123.65007 124.15256 124.936 125.5844 125.94084 126.02905 125.79168 125.55093 125.87309 126.17002 126.24386 126.05134 124.97713 126.00056 126.18665 126.17415 125.82065 125.4008 126.1201 126.3124 125.95198 125.09947 126.28404 126.80731 127.10728 127.35636 127.83732 127.94105 127.6462 127.62186 127.64004 127.75332 127.88687 128.03403 128.21554 128.44665 128.74109 129.11503 129.57396 130.19865 131.23376 132.87041 132.35541 131.49104
126.73783 126.52457 126.10938 125.88193 125.72029 125.52211 125.42068 125.6688 125.68142 125.51805 125.03284 124.30945 123.34989 124.50846 124.97606 124.76107 124.37217 124.75254 125.34198 125.8299 126.07554 126.26945 126.59927 125.30302 125.54146 126.14631 126.26651 126.14525 125.53884 126.0582 126.12376 126.20233 125.92457 125.27301 126.16458 126.39628 126.23321 125.23764 126.29315 126.62611 126.43762 127.03643 127.29494 127.25162 127.17087 127.25816 127.35965 127.52394 127.7032 127.86876 128.05987 128.30063 128.62611 129.11935 129.70615 130.14271 131.74385 132.94382 132.53439 131.43247
