Exercise_8/gbg_elev.tif
NCOLS 363
NROWS 301
XLLCORNER 154218.09
YLLCORNER 6411238.1
DX 7.784946
DY 7.7628349
NODATA_VALUE -9999
[rows 104 to 129 of 301, columns 300 to 359 of 363]
132.13293 131.95628 131.6536 131.77098 131.99583 132.0165 132.10208 132.35377 132.56007 132.62733 132.31938 132.80727 133.69627 134.08379 134.52851 135.66374 136.56692 137.68793 135.16096 134.47025 134.19795 134.06289 134.04997 134.12382 134.22364 134.23044 134.15332 134.11028 134.14656 134.31236 134.80946 134.8165 134.29883 134.05795 133.93307 133.87804 133.87312 133.91395 134.0086 134.18014 134.47788 134.99728 135.63423 135.91548 136.44282 137.06813 136.95329 137.45019 135.8694 135.02648 134.60388 134.59891 134.48794 134.1378 133.73221 133.47001 133.39744 133.28942 133.16688 133.04937
131.84867 131.44447 129.24713 130.64178 131.51117 131.00554 130.8392 131.92153 132.36871 132.60979 132.74241 132.49623 133.29075 134.48971 134.87378 135.09297 135.31405 135.02386 134.57897 134.22561 134.07523 134.05327 134.15095 134.38443 134.79754 134.77824 134.3871 134.24341 134.27053 134.49106 135.09218 135.05254 134.31918 134.07002 133.95652 133.90726 133.9031 133.94148 134.03196 134.19966 134.49942 135.05343 135.80164 136.00154 137.27343 137.15426 137.71962 136.46595 135.5434 134.95437 134.72961 135.23376 135.60975 134.67836 134.00059 133.79569 133.54257 133.35207 133.20478 133.08611
131.56781 131.31513 130.53244 130.92996 131.27806 130.32824 129.8078 131.57319 132.15972 132.5357 132.83602 133.01849 133.47714 134.12755 134.66908 136.4043 135.62827 134.52336 134.21106 134.05545 134.01901 134.09622 134.32185 134.80235 135.49336 135.35112 134.65846 134.40504 134.42142 134.84096 135.41964 134.65658 134.2932 134.09834 133.99902 133.95457 133.94834 133.97752 134.05066 134.18776 134.42148 134.78344 135.20593 135.69371 136.66754 136.59861 136.42933 135.74875 135.20296 134.83999 134.72074 134.94629 135.41115 135.12767 134.18734 133.88766 133.60018 133.33269 133.18474 133.10365
131.05444 131.1966 131.2258 131.26445 131.23445 130.95958 130.70696 131.21208 131.91344 132.42018 132.89345 133.56695 133.9205 134.70723 135.75371 135.351 134.91677 134.26912 134.02877 133.96879 134.03319 134.20551 134.52505 135.39663 137.69645 135.66248 135.01331 134.57289 134.53689 135.05177 135.40605 134.66607 134.31878 134.15402 134.07039 134.03242 134.02265 134.03567 134.07974 134.17146 134.32758 134.55408 134.83438 135.16236 135.48775 135.59785 135.49667 135.24765 134.9771 134.75992 134.68044 134.92355 135.92726 134.88058 134.15896 133.96229 133.56574 132.97758 132.97397 133.10016
129.01633 130.83666 131.16265 131.20044 131.07618 130.65128 128.69507 130.32397 131.63522 132.26446 132.83335 133.55026 134.69272 135.57763 136.98412 135.09077 134.40555 134.06167 133.92011 133.95241 134.15762 134.51449 134.78653 135.28566 136.5914 135.69554 135.44256 134.67852 134.57431 134.93624 135.13685 134.65762 134.3876 134.25287 134.18838 134.16508 134.15538 134.1415 134.14059 134.17857 134.26735 134.40677 134.58696 134.78895 134.97226 135.08387 135.11938 135.10941 134.99737 134.79392 134.66847 134.71879 134.87098 134.49041 134.10981 133.86073 133.63312 132.60991 132.85253 133.14344
130.03772 130.75209 131.01802 131.04394 130.84617 129.99167 129.34731 130.54413 131.41584 132.08051 132.67186 133.37388 134.57417 135.37603 136.81708 135.08857 134.33391 133.95203 133.85535 133.9866 134.44422 135.57636 136.10025 134.93233 135.02117 135.37462 135.16299 134.62102 134.58763 135.06999 135.64768 134.78471 134.5265 134.42175 134.38041 134.40683 134.43018 134.34951 134.2572 134.22609 134.25462 134.33255 134.45214 134.60448 134.77677 134.95391 135.1581 135.63775 135.68991 135.03408 134.78568 134.64081 134.49744 134.30105 134.08168 133.88961 133.88253 133.61369 133.3686 133.26477
130.39002 130.67084 130.85682 130.8755 130.68926 130.08503 129.60121 129.74089 131.10737 131.89247 132.49289 133.0693 133.67117 134.51578 135.56369 137.23871 134.43777 133.87415 133.80741 134.01222 134.79642 137.09993 135.7955 134.68074 134.58896 135.20549 134.81044 134.49159 134.57329 135.14557 135.5199 134.90099 134.80245 134.7207 134.67008 134.88915 135.24881 134.78467 134.4417 134.32014 134.2921 134.3213 134.40528 134.55602 134.80488 135.17986 135.51972 136.47433 136.82977 135.35924 135.29892 134.93919 134.56015 134.33872 134.15963 133.98896 133.85099 133.84085 133.68429 133.34699
129.40567 130.38507 130.66773 130.69685 130.51587 130.13759 129.60662 129.45433 130.93695 131.75591 132.38606 133.06099 133.4302 133.69082 134.26908 134.81029 134.06093 133.78283 133.78751 133.98447 134.52184 135.45279 134.772 134.32366 134.22082 134.30223 134.34056 134.45214 134.67434 134.77244 134.93198 135.19478 135.55571 135.30295 135.00895 135.48979 137.97188 135.31272 134.64375 134.46521 134.38524 134.36298 134.41419 134.57755 134.96971 135.95503 136.99887 135.84954 135.61782 135.6154 137.61729 135.61636 134.76057 134.53195 134.37019 134.19079 134.0049 133.89162 133.7419 133.35968
129.31619 130.13058 130.49128 130.50985 130.19686 129.49342 128.31153 129.76332 130.97398 131.67924 132.30366 133.19319 133.58718 133.35535 133.56931 133.70049 133.74412 133.93269 133.92629 134.13927 134.42575 134.78011 134.48073 134.11937 133.97763 134.00959 134.17281 134.6521 135.92676 134.84723 134.98803 135.93089 137.60617 136.17699 135.2788 135.23098 135.54342 135.11101 134.85395 134.72454 134.56241 134.4527 134.44932 134.59139 135.02997 136.31379 137.47833 135.8414 135.77033 135.72121 135.89932 135.3075 134.99533 134.93426 134.77372 134.54372 134.26417 134.01832 133.90837 133.57438
128.85377 129.99218 130.37498 130.35984 129.89187 128.29173 129.32471 130.27769 131.10241 131.6304 132.13026 132.79503 133.29457 133.25851 133.84776 133.65328 133.76173 135.82638 134.21464 135.77206 134.5484 135.13501 135.70008 134.04321 133.82979 133.86634 134.06327 134.82578 135.53161 134.76893 135.01922 136.0843 137.57184 136.22194 135.44403 135.13825 135.11116 135.17205 135.39913 135.43566 134.8825 134.58282 134.49455 134.5632 134.846 135.51297 135.94918 135.56727 137.05809 136.40846 135.21724 135.03755 135.44526 135.58906 135.54756 135.10528 134.64419 134.25799 133.9977 133.81994
129.43627 130.08844 130.33511 130.28318 129.77615 128.05096 129.96285 130.72126 131.49788 131.64349 131.93881 132.33894 132.72147 133.22373 135.24413 133.76651 133.48199 133.82901 133.77032 133.9956 133.90301 133.96269 134.01609 133.76527 133.7806 133.87139 133.90909 134.26026 134.55184 134.58344 134.93105 135.59941 136.62915 136.94696 135.64399 135.255 135.31948 135.72483 136.40853 137.24714 135.21159 134.71155 134.54846 134.53215 134.63353 134.82586 134.96559 135.06343 135.43183 135.32423 134.97073 134.96243 135.20439 135.45758 135.73216 135.62779 135.13159 134.63341 134.24461 133.98459
130.03458 130.24558 130.32384 130.2352 129.97881 129.81213 130.263 130.82535 131.51148 131.59479 131.79969 132.11441 132.56234 133.34368 133.49847 133.37564 133.31666 133.30461 133.4284 133.94123 133.64806 133.6053 133.69192 133.5569 133.70988 133.92666 133.79641 133.93299 134.17784 134.49211 134.96573 135.59845 136.58049 137.34416 135.73924 135.42107 135.72925 137.02823 136.65603 135.85756 135.18805 134.80516 134.62353 134.54701 134.53905 134.57514 134.62358 134.68364 134.76326 134.79119 134.82368 134.99246 135.31327 135.83409 136.40176 135.95406 135.66878 135.15532 134.67154 134.232
130.29143 130.32427 130.28284 130.09641 129.61111 129.35226 130.14258 130.68088 131.13272 131.55108 131.77055 131.94984 132.35181 133.18519 133.6556 133.70633 133.60157 133.29389 133.05889 133.19653 133.21994 133.77272 133.61855 133.38554 133.54631 133.72701 133.67578 133.80363 134.08979 134.56022 135.32172 136.5106 136.79283 136.62717 135.57751 135.59033 136.54835 136.8281 136.23567 135.67655 135.22139 134.92916 134.75538 134.63811 134.55854 134.513 134.4965 134.50778 134.54904 134.63036 134.80552 135.17622 135.80282 136.38029 137.60087 136.40141 135.7456 135.78907 135.06406 134.71653
130.36964 130.32684 130.20938 129.91576 129.19445 128.83836 129.78773 130.45909 130.95091 131.47215 131.75179 131.89275 132.03219 132.4144 132.75648 132.90749 132.87297 132.75585 132.67446 132.6758 132.65449 132.80635 132.98498 133.15861 133.5931 133.72968 133.57117 133.73569 134.0793 134.70235 136.13564 137.027 136.08906 135.5713 135.31054 135.58038 136.93163 137.3697 136.89692 136.21056 135.424 135.16723 135.01717 134.84374 134.68397 134.56277 134.48524 134.4539 134.47696 134.58041 134.83568 135.42607 136.88508 136.95733 136.24123 137.21915 136.00579 135.23788 135.15173 135.91269
130.36549 130.28658 130.1333 129.81293 129.05713 128.06554 129.39316 130.24107 130.72825 131.1195 131.47965 131.73218 131.83938 131.97546 132.1497 132.19831 132.30801 132.32691 132.32601 132.33085 132.02544 132.1735 132.55632 132.91067 133.494 133.65404 133.48427 133.72019 134.13851 134.69749 136.18526 136.96679 135.51127 135.142 135.07395 135.30143 135.85086 136.4019 136.77693 136.30222 135.6342 135.69941 135.62221 135.22836 134.92442 134.702 134.55116 134.46928 134.46237 134.55488 134.8169 135.44447 137.09079 136.81279 135.89363 135.64187 135.34011 135.1843 135.74493 135.70272
130.31711 130.22145 130.05883 129.77211 129.30874 128.8623 129.4976 130.09685 130.49722 130.82509 131.11048 131.33648 131.49664 131.64621 131.82025 131.96416 131.97737 132.03127 132.01578 132.14335 132.1722 132.18358 132.07666 132.65199 133.02449 133.24096 133.39379 133.78658 134.90649 134.71487 135.10469 135.53709 135.26876 134.97397 134.93078 135.08995 135.3806 135.66822 135.84244 135.8295 135.86658 136.92433 136.86944 135.83528 135.29097 134.92245 134.67527 134.5286 134.47686 134.52914 134.72586 135.16703 136.01081 137.94747 135.89281 135.19042 134.97687 135.11933 136.69638 136.11163
130.2346 130.13312 129.96757 129.66382 128.93826 128.75022 129.54431 129.90695 130.22072 130.52248 130.78482 130.99677 131.16813 131.32317 131.47739 131.60281 131.68121 131.78375 131.89275 131.96451 132.06752 132.16734 132.27368 132.51455 132.80897 133.22093 133.43342 133.68551 134.66196 134.50513 134.81242 137.04869 135.78154 135.00495 134.91207 135.08084 135.39914 135.71456 135.96826 136.1286 136.21605 136.49622 137.04213 136.90004 135.76624 135.22205 134.84374 134.61807 134.51433 134.51476 134.62447 134.87103 135.3126 135.80592 135.32842 134.90761 134.74227 134.78653 135.0525 134.95954
130.10799 130.01351 129.86198 129.54102 128.83556 128.70591 129.29332 129.44636 129.79212 130.17434 130.46131 130.66977 130.83555 130.98465 131.12093 131.23786 131.34185 131.45488 131.57878 131.70962 131.85695 132.01195 132.17696 132.37484 132.64648 133.24756 133.46647 133.44119 133.77962 134.08578 134.58679 135.36633 135.73264 135.29763 135.00031 135.28654 135.9985 136.54322 136.98742 137.39904 137.12841 136.94785 136.84366 136.83829 136.50487 135.61201 135.02993 134.72494 134.57792 134.53517 134.57744 134.69458 134.85812 134.96332 134.88933 134.72869 134.59407 134.54095 134.56165 134.57669
129.89364 129.83093 129.74719 129.49529 128.81953 128.45552 128.91288 128.0192 129.12657 129.77087 130.11542 130.30801 130.45476 130.61009 130.74405 130.84763 130.94331 131.04836 131.18386 131.37684 131.58983 131.79599 131.99741 132.19401 132.3605 132.67824 132.98764 133.2705 133.69136 133.96198 134.70475 135.53101 136.85002 135.60862 135.06427 135.60271 137.80939 139.49839 138.63552 140.50537 139.24645 138.72748 137.41616 137.38321 137.55847 135.88393 135.16905 134.8405 134.67967 134.61445 134.6248 134.69688 134.80308 134.90997 134.95464 134.81754 134.59175 134.45786 134.46077 134.65318
129.45673 129.4899 129.58205 129.52203 129.20947 128.667 128.1147 128.76997 128.57915 129.30278 129.7161 129.80901 129.8962 130.15838 130.31136 130.3629 130.41444 130.47713 130.53345 130.92609 131.27848 131.55481 131.80211 132.0251 132.02358 132.39212 132.77658 133.14754 133.58237 133.87972 134.39898 135.8071 135.00923 134.88629 135.0003 135.73728 137.41115 138.12521 137.65567 138.52865 140.74775 141.98554 138.29721 137.04398 136.4998 135.73976 135.24305 134.99553 134.85854 134.78411 134.7967 134.91026 135.07249 135.35375 135.87031 135.4808 134.74947 134.46402 134.46486 134.86294
128.46904 128.85845 129.29999 129.46569 129.47673 129.36979 129.28926 129.25858 128.8481 128.11683 129.31887 128.91853 128.80299 129.63066 129.77061 129.63436 129.37896 129.71535 128.54819 130.38169 130.94453 131.2977 131.59755 131.86419 132.07961 132.31262 132.6447 133.05791 133.53292 133.934 134.05016 134.57748 134.60005 134.60805 134.93288 135.84269 139.52193 138.39464 137.17013 137.92836 138.61473 139.02991 140.2615 137.35504 136.18999 135.62617 135.39349 135.32818 135.22632 135.10186 135.12245 135.52982 135.72892 136.41315 137.31777 136.27298 134.86504 134.46408 134.42923 134.77899
128.43911 128.6399 128.74743 129.20776 129.52847 129.63285 129.65152 129.62505 129.52125 129.35063 129.48152 129.06694 128.95015 128.98452 128.92199 128.96513 128.95221 129.68916 129.58064 130.09427 130.58351 131.02307 131.38714 131.70231 131.96333 132.15206 132.50577 132.98126 133.67403 133.78689 133.97917 135.53822 134.69015 134.55864 135.0081 135.64861 136.93125 136.95236 136.99771 139.79884 140.07621 138.75465 139.1684 137.30372 136.0919 135.62906 135.87816 136.27784 136.06164 135.7373 135.48101 136.97601 136.72088 137.02182 136.29026 135.37811 134.72383 134.40903 134.33463 134.48505
128.46167 128.76224 128.25542 128.83071 129.5035 129.73914 129.81651 129.83076 129.80777 129.77069 129.71986 129.58218 129.45844 129.22086 129.06511 128.97088 129.58226 129.74119 129.50818 129.11324 130.08035 130.73702 131.17709 131.54134 131.87963 132.04363 132.34021 132.77833 133.35805 133.50618 133.91569 134.799 134.4663 134.62196 135.94513 136.24748 135.77767 135.81726 136.41206 138.17436 139.71457 139.98268 140.91001 137.14395 135.91052 135.56124 136.30015 137.39651 137.43438 136.91955 135.53351 135.73801 135.72307 135.49599 135.26495 134.87798 134.55542 134.34371 134.24466 134.25192
128.38011 128.86225 128.7864 128.97855 129.58883 129.82013 129.91044 129.93963 129.93356 129.8969 129.80999 129.61865 129.30529 129.17493 129.24665 129.4211 129.59618 129.59176 129.13843 128.17464 129.74754 130.50464 130.97601 131.35179 131.67709 131.94405 132.1105 132.52239 133.00433 133.34731 133.7748 135.01477 134.5518 134.60718 135.71678 137.61754 135.82434 135.29069 135.62741 136.36071 137.25684 139.12854 138.24037 136.46999 135.56863 135.28504 135.51094 136.00443 136.25455 135.85244 135.28514 135.15842 135.12789 135.03925 134.8943 134.69772 134.49974 134.3347 134.21533 134.14175
129.2289 129.31137 129.44495 129.56992 129.77208 129.90734 129.97527 129.99976 129.99132 129.94516 129.82976 129.51566 128.26856 128.1034 128.3216 129.11329 129.35237 129.35921 128.73674 129.00011 129.76019 130.34685 130.78906 131.16101 131.49854 131.81865 132.02964 132.33446 132.88903 133.46657 133.36523 134.19641 135.90627 134.66036 134.62977 135.13144 134.96305 134.8454 135.05598 135.44034 135.90109 136.28118 136.1194 135.57643 135.14014 134.94248 134.96697 135.11188 135.20165 135.14932 135.08181 135.10074 135.12824 135.07643 134.94074 134.76717 134.5924 134.4283 134.28012 134.15248
129.75611 129.73226 129.77071 129.83521 129.91601 129.98273 130.02227 130.03506 130.02074 129.97104 129.86093 129.62839 129.24201 129.04976 128.92048 128.48657 128.94609 129.12193 128.47038 128.83741 129.67583 130.18531 130.59376 130.96385 131.30499 131.61553 131.88599 132.12807 132.12089 132.47418 132.93614 133.62167 134.5613 134.1919 134.04035 134.22743 134.41218 134.59145 134.80021 135.08436 135.49463 135.504 135.2947 135.03136 134.78852 134.65137 134.63433 134.70289 134.80955 134.94692 135.15666 135.43422 135.63638 135.58003 135.32177 135.06728 134.8659 134.66925 134.46663 134.28268
