Exercise_8/gbg_elev.tif
NCOLS 363
NROWS 301
XLLCORNER 154218.09
YLLCORNER 6411238.1
DX 7.784946
DY 7.7628349
NODATA_VALUE -9999
[rows 130 to 155 of 301, columns 120 to 179 of 363]
123.78385 123.8387 123.88129 123.91363 123.93728 123.95368 123.96446 123.97152 123.97697 123.98283 123.99053 124.00071 124.01321 124.02743 124.04263 124.05817 124.07363 124.08874 124.10336 124.11742 124.13094 124.14405 124.15701 124.17021 124.18417 124.19939 124.21625 124.23484 124.25492 124.27587 124.29683 124.31671 124.3343 124.34834 124.3575 124.36041 124.35561 124.34149 124.31616 124.27737 124.22223 124.14701 124.04699 123.9168 123.75216 123.55457 123.33697 123.119 122.90118 122.63733 122.20723 121.20694 116.87415 121.06012 122.67564 122.87565 122.94285 123.81716 124.1859 123.95496
123.83201 123.87794 123.91136 123.934 123.94717 123.95227 123.95115 123.94642 123.94139 123.93936 123.94263 123.95173 123.96576 123.98316 124.00247 124.02273 124.0434 124.06433 124.08549 124.10685 124.12833 124.14986 124.17137 124.19288 124.21448 124.23628 124.25836 124.28067 124.30298 124.32489 124.34579 124.36492 124.38143 124.39437 124.40274 124.40548 124.40142 124.3893 124.36769 124.33492 124.28904 124.22778 124.14869 124.04965 123.9299 123.79163 123.64025 123.48006 123.30348 123.07339 122.66943 121.56895 116.8725 121.14169 122.83033 122.96231 122.5263 123.7515 124.04418 123.57676
123.86817 123.9044 123.9279 123.93978 123.94074 123.93169 123.91451 123.89288 123.87241 123.85944 123.85815 123.86852 123.88745 123.91127 123.93728 123.96405 123.99119 124.01887 124.04738 124.0768 124.10695 124.1375 124.16803 124.19819 124.22772 124.25642 124.28418 124.31086 124.33628 124.36015 124.38208 124.40158 124.41805 124.43083 124.43917 124.44226 124.43923 124.42912 124.41084 124.38321 124.34493 124.29465 124.2311 124.15348 124.06185 123.95746 123.84211 123.71551 123.57021 123.3828 123.09452 122.5796 121.98176 122.49695 123.12091 123.31102 123.35435 123.82513 123.99412 123.67351
123.89122 123.9169 123.92968 123.92961 123.91603 123.88846 123.84801 123.79937 123.75271 123.72232 123.71768 123.73595 123.76739 123.80385 123.84084 123.87674 123.91191 123.94759 123.9848 124.02384 124.06432 124.10549 124.1465 124.18657 124.22509 124.26162 124.29589 124.32775 124.35709 124.38376 124.40757 124.42826 124.44544 124.4587 124.46752 124.47132 124.46945 124.46119 124.44574 124.42226 124.38985 124.34765 124.29493 124.23128 124.15671 124.07163 123.97624 123.86914 123.74523 123.59341 123.39775 123.16092 122.98456 123.03185 123.24392 123.46153 123.65868 123.84402 123.91371 123.83913
123.89846 123.91277 123.91435 123.90153 123.87099 123.81887 123.74296 123.64654 123.54671 123.4817 123.48163 123.52835 123.58972 123.65034 123.70508 123.75341 123.79807 123.84307 123.8911 123.94257 123.99642 124.05118 124.10537 124.15769 124.20711 124.25297 124.29496 124.33299 124.36709 124.39732 124.4237 124.44619 124.46464 124.47884 124.48847 124.49316 124.49244 124.4858 124.47263 124.45231 124.42415 124.38752 124.34183 124.28665 124.22168 124.14666 124.06094 123.96276 123.84812 123.70937 123.53329 123.29562 122.95131 122.64686 122.88683 123.22073 123.51185 123.70387 123.68054 123.2121
123.88478 123.88679 123.87759 123.85285 123.80411 123.72039 123.59025 123.40405 123.16999 123.00152 123.05656 123.20368 123.33222 123.43685 123.51964 123.58336 123.63707 123.69228 123.75501 123.8243 123.89699 123.97038 124.04223 124.11053 124.17379 124.23119 124.2825 124.32787 124.36761 124.40209 124.43161 124.45638 124.47649 124.49192 124.50257 124.50822 124.50857 124.50326 124.49183 124.47376 124.44848 124.41537 124.37377 124.32303 124.26241 124.19098 124.10738 124.0093 123.89251 123.74795 123.55163 123.21774 122.29041 118.96154 121.72338 122.2841 123.07999 123.4626 123.45326 122.78967
123.84035 123.82828 123.81073 123.77909 123.71516 123.59424 123.38611 123.04347 122.42248 121.5982 122.2116 122.71202 122.96283 123.14407 123.27139 123.34944 123.40337 123.46828 123.55597 123.65503 123.75637 123.85674 123.95345 124.04354 124.12493 124.19685 124.25947 124.31349 124.35977 124.39914 124.43226 124.45966 124.48169 124.49854 124.51029 124.51689 124.51818 124.51391 124.50372 124.48715 124.46363 124.43245 124.39276 124.34353 124.28344 124.21076 124.12319 124.01755 123.88913 123.72882 123.51192 123.15488 122.30451 120.29344 121.28659 118.36186 122.556 123.15618 123.14634 122.95068
123.74523 123.71356 123.69435 123.67127 123.6059 123.44836 123.13505 122.57592 121.44985 116.10383 121.14348 122.00498 122.40537 122.74165 122.94656 123.02034 123.02663 123.10018 123.25487 123.41298 123.55951 123.70044 123.8339 123.95485 124.06049 124.15072 124.22694 124.29098 124.34463 124.3894 124.42647 124.45674 124.48083 124.49918 124.51204 124.51951 124.52156 124.51804 124.50867 124.493 124.4704 124.44002 124.40072 124.35098 124.2887 124.21107 124.11425 123.9933 123.84257 123.6559 123.42089 123.09541 122.59675 122.0208 121.78845 121.71719 122.39239 122.82562 122.09127 123.00153
123.55613 123.48308 123.47972 123.50919 123.48105 123.30364 122.84371 121.87676 120.05755 120.39781 120.72887 120.31436 121.44456 122.18782 122.5439 122.54239 122.20453 122.3299 122.79089 123.06796 123.28009 123.48522 123.67688 123.84308 123.98123 124.09421 124.18633 124.2616 124.32325 124.37377 124.41498 124.44821 124.47441 124.49423 124.50811 124.5163 124.5189 124.51586 124.50695 124.49173 124.46951 124.43924 124.39943 124.34797 124.28184 124.19667 124.08604 123.94079 123.7498 123.50771 123.22885 122.90377 122.34177 120.64931 120.40344 120.1982 121.22498 122.76098 122.94845 123.28798
123.17418 122.95482 123.02693 123.25114 123.35 123.20796 122.60122 120.41955 118.82773 120.18015 118.7804 117.5407 120.01853 121.39322 122.10547 121.98121 119.25146 120.37286 122.19331 122.56469 122.8547 123.18239 123.47598 123.70945 123.88991 124.02983 124.13959 124.22678 124.2967 124.35305 124.39841 124.43457 124.46279 124.48397 124.4987 124.50739 124.51029 124.50744 124.49869 124.48363 124.46149 124.43104 124.39043 124.3369 124.26641 124.17269 124.04558 123.86733 123.60597 123.2183 122.76882 122.50564 122.07161 120.48905 120.04591 119.95544 121.69757 122.78966 123.21234 123.43213
122.40804 121.36529 121.87777 122.85832 123.232 123.21499 122.73288 121.09684 119.45711 120.9277 120.26416 119.62939 117.4899 120.32596 121.70112 121.77014 120.81245 121.02138 121.60378 121.62319 122.08151 122.75487 123.23554 123.56225 123.79263 123.96147 124.08916 124.18808 124.266 124.32796 124.37726 124.41618 124.44625 124.46855 124.48387 124.49276 124.4956 124.4926 124.48372 124.46862 124.44651 124.416 124.37487 124.31981 124.24574 124.14466 124.00263 123.7913 123.43809 122.69123 120.91634 121.45598 121.78047 121.05869 119.366 120.38639 122.06311 122.82302 123.17126 123.40397
121.35855 116.63286 120.23763 122.47065 123.16641 123.29763 123.09242 122.48671 121.39117 121.93932 121.9303 121.47591 120.7666 120.93539 120.64986 121.37159 121.48965 121.05929 120.47793 118.47362 120.57126 122.25705 122.99441 123.42076 123.6989 123.89397 124.03757 124.14688 124.23194 124.29895 124.35186 124.39325 124.42488 124.448 124.46352 124.47216 124.47446 124.47083 124.46146 124.44616 124.42421 124.39411 124.35335 124.29808 124.22248 124.11744 123.96728 123.74009 123.35071 122.4449 118.84671 120.67747 121.07212 120.39442 119.59155 121.31459 122.2698 122.769 122.64366 123.20696
120.60594 118.4538 118.16517 122.38144 123.16414 123.33436 123.31198 123.12121 122.87194 122.75768 122.66144 122.31955 120.82583 120.14145 117.45906 120.90465 121.15469 119.68876 118.31617 118.60352 120.065 121.94978 122.82263 123.30917 123.61829 123.83142 123.98662 124.10394 124.19484 124.26619 124.32225 124.3658 124.39868 124.42222 124.43741 124.44513 124.44614 124.44114 124.43068 124.41492 124.39335 124.36449 124.32555 124.27218 124.198 124.09353 123.94377 123.72256 123.37894 122.81548 122.04892 121.51086 119.02956 120.29683 120.7467 121.22676 122.20354 122.68797 122.66936 123.14301
118.31687 121.42564 122.15748 122.75061 122.4334 122.95626 123.19969 123.08239 122.87534 122.26518 122.88286 122.81042 122.15412 121.68191 121.42549 120.9961 120.29618 120.23585 119.26818 118.7679 120.36111 121.93601 122.75396 123.23878 123.55473 123.77498 123.93634 124.05893 124.1543 124.22931 124.28821 124.33366 124.36747 124.39094 124.4051 124.41092 124.40944 124.40178 124.38912 124.3723 124.35136 124.32495 124.28994 124.24135 124.17219 124.07281 123.92942 123.72153 123.42035 122.99815 122.46265 121.79674 120.57004 119.17406 119.6404 120.06273 121.95692 122.49996 122.86031 123.13898
121.85693 119.80254 122.28804 123.10785 123.98202 123.75599 123.64155 122.71916 122.54573 123.14117 122.38354 123.14671 122.93862 122.51181 121.72267 119.99156 118.76421 119.55256 119.4736 118.38741 120.93005 122.06498 122.75175 123.19821 123.50313 123.72141 123.88434 124.01001 124.10896 124.18742 124.24913 124.29646 124.33098 124.35384 124.36601 124.36849 124.36256 124.34995 124.33287 124.31354 124.29324 124.27105 124.24321 124.20349 124.14379 124.054 123.92065 123.72411 123.43427 123.00339 122.36022 121.54156 121.00575 120.69577 120.78746 121.19815 121.35064 121.80512 122.57296 122.94662
122.9482 122.61973 123.51198 124.04536 124.44487 124.66036 124.35006 124.0263 123.84609 123.99505 123.66062 123.01028 123.22227 122.87817 121.93955 119.85364 119.22408 119.8524 119.57382 119.46626 121.21996 122.1445 122.75213 123.16267 123.45128 123.66321 123.82546 123.95361 124.05646 124.139 124.20414 124.2537 124.28889 124.31059 124.31953 124.31655 124.303 124.28122 124.25512 124.22978 124.20946 124.1944 124.17924 124.15478 124.11062 124.03584 123.91699 123.73341 123.44632 122.96416 121.98897 119.24992 119.38878 120.12038 120.75567 119.69399 119.9127 120.63982 122.12938 122.56816
122.0609 123.34878 124.00841 124.92854 125.44317 125.82801 124.88024 124.67332 124.47476 124.186 123.95233 123.20068 123.32535 123.22654 122.48798 120.38616 120.34091 120.87623 120.0976 119.14699 120.76528 122.08757 122.71306 123.10818 123.38339 123.58909 123.75164 123.88426 123.99332 124.08198 124.15209 124.20482 124.24096 124.261 124.2652 124.25381 124.22755 124.18886 124.14383 124.10356 124.08048 124.07846 124.08721 124.08936 124.06977 124.01699 123.91918 123.75754 123.49359 123.03123 122.06743 119.73893 116.45923 117.21207 120.17077 119.12109 120.67828 120.97363 121.04604 122.1458
124.04062 123.89109 124.23216 125.19627 125.26131 125.26277 125.18819 125.40217 125.17008 124.61944 124.21363 123.70218 123.53667 123.61423 123.15386 122.40262 121.98979 121.42877 120.09316 119.68705 120.68807 121.94984 122.62086 123.0146 123.27969 123.48254 123.65094 123.79427 123.91498 124.01391 124.0918 124.14938 124.18716 124.20522 124.20304 124.17946 124.13299 124.06342 123.97719 123.89706 123.86109 123.88766 123.948 123.99934 124.01807 123.99561 123.92586 123.79686 123.58252 123.22674 122.61821 121.64965 120.6418 120.09949 121.05002 121.34314 120.67796 119.79324 118.60184 121.71342
125.80897 125.01586 125.13119 125.97213 125.85873 125.7105 125.66163 125.6501 125.40641 125.13051 124.74008 124.42316 124.13863 123.97444 123.69353 123.29641 122.88203 122.33819 121.27994 118.13922 118.93381 121.66478 122.46341 122.85473 123.10738 123.31614 123.50521 123.67329 123.81614 123.93228 124.02225 124.08719 124.12781 124.1439 124.1339 124.09422 124.01812 123.89496 123.71674 123.51658 123.42364 123.53466 123.73003 123.87776 123.95398 123.96957 123.93254 123.84174 123.68626 123.44537 123.0962 122.65496 122.24596 122.04893 122.07205 121.88621 120.50462 119.44194 120.94462 121.588
127.17424 125.85441 125.9066 126.16102 127.86038 126.27521 126.39454 126.84672 126.00288 125.87705 125.79485 124.46019 122.59692 124.14273 124.06433 123.77569 123.41177 122.9193 122.09157 120.71111 119.44283 121.31545 122.22103 122.56418 122.79234 123.03752 123.28647 123.50861 123.69161 123.83518 123.94299 124.01849 124.0636 124.0782 124.05964 124.00117 123.88777 123.68489 123.31348 122.69615 122.28204 122.77264 123.40234 123.73002 123.88066 123.93674 123.93272 123.87923 123.7763 123.62093 123.41463 123.17686 122.95269 122.7827 122.63489 122.37514 121.87084 121.3691 120.78077 120.16709
126.68472 126.45688 126.68868 127.09285 126.69211 126.37091 126.31174 126.87657 126.86384 127.19319 127.3823 125.67118 124.60518 124.46898 124.31574 124.09071 123.7778 123.34954 122.71562 121.58071 118.98917 120.94382 121.81496 121.92953 122.12699 122.54281 122.95588 123.28839 123.53859 123.72239 123.85444 123.94403 123.99558 124.00963 123.98268 123.90518 123.75456 123.47047 122.83386 120.74911 118.36778 121.21748 123.05165 123.59153 123.80423 123.89083 123.91694 123.89764 123.83647 123.73844 123.61035 123.46289 123.31002 123.157 122.98148 122.72802 122.31532 121.48878 118.4163 118.31535
126.95153 127.42482 127.56156 127.45589 126.93447 126.59414 126.44052 126.47566 126.59253 126.71913 127.94123 126.06784 125.15688 124.19093 124.30992 124.29873 124.04323 123.66121 123.08674 122.08785 119.9991 118.92617 121.17773 119.92127 120.50306 121.66188 122.47841 123.01114 123.36045 123.59623 123.75801 123.86492 123.92497 123.93964 123.90496 123.80964 123.62781 123.29785 122.64743 120.94158 119.91357 121.47666 122.90079 123.50344 123.71103 123.80057 123.8659 123.88567 123.85729 123.79793 123.71859 123.62309 123.51209 123.38111 123.21393 122.97573 122.59316 121.85508 120.28083 118.92778
127.66236 129.96702 129.88557 128.28026 127.4659 126.96278 126.70194 126.59429 126.56189 126.5673 126.52844 126.04106 125.34994 123.88864 124.37011 124.44395 124.23474 123.89317 123.35286 122.05645 118.46486 121.22655 121.03458 117.57516 117.92324 120.26163 121.8589 122.7017 123.16945 123.46093 123.65529 123.78229 123.85297 123.86946 123.8273 123.71384 123.50046 123.11577 122.39619 121.63459 121.33589 119.02245 122.86806 123.46348 123.48009 123.49951 123.74019 123.833 123.82543 123.79257 123.75396 123.70311 123.6302 123.52698 123.38208 123.17489 122.8674 122.39945 121.7637 121.1994
128.03934 129.78203 130.44064 131.06458 128.34724 127.41144 127.05736 126.95681 126.94705 126.97913 127.55881 126.36626 125.65204 124.94914 124.38605 124.4475 124.35086 124.05882 123.62927 122.95059 122.25286 122.14852 121.59785 120.58613 119.19359 117.28071 121.19714 122.43029 122.97965 123.31784 123.54634 123.69681 123.78079 123.80033 123.74988 123.61454 123.36278 122.9029 121.62876 116.57139 121.40046 122.36595 123.26142 123.38771 122.65893 121.73691 123.57016 123.73703 123.70164 123.689 123.70861 123.71855 123.69337 123.62496 123.50907 123.33775 123.09758 122.7766 122.38717 121.97153
128.71459 128.87453 128.91741 130.17346 129.0304 127.82598 127.4701 127.57827 127.99173 127.66612 127.57462 126.70467 125.95339 124.65156 123.59002 124.42003 124.35444 124.1019 123.75793 123.40428 123.01252 122.51007 121.24466 120.53223 120.0286 120.08938 121.35546 122.22898 122.77324 123.15737 123.42822 123.60867 123.70994 123.73423 123.67384 123.50788 123.19679 122.67707 121.89178 121.05991 120.4526 122.95711 123.59088 123.31708 123.51377 123.19321 123.7101 123.54199 123.33843 123.38491 123.55098 123.67306 123.71679 123.69114 123.60648 123.46663 123.26953 123.00949 122.6742 122.21191
129.96419 129.4057 128.74333 129.44313 129.24017 128.20968 127.89491 128.4629 130.80803 130.5125 127.39764 127.31022 126.51355 125.89391 124.34971 124.46682 123.46816 123.92684 123.17452 123.39836 123.17375 122.69326 121.53045 120.90993 120.48252 120.05555 121.15953 121.7982 122.47331 122.95997 123.29697 123.51865 123.64282 123.67467 123.60405 123.39699 122.97423 122.15899 120.19478 121.09896 122.67657 123.2216 124.12762 124.28861 124.35956 124.53166 123.91887 122.91304 122.09797 122.61583 123.2474 123.57859 123.71606 123.73833 123.68364 123.56863 123.3981 123.16666 122.84953 122.36164
