Exercise_8/gbg_elev.tif
NCOLS 363
NROWS 301
XLLCORNER 154218.09
YLLCORNER 6411238.1
DX 7.784946
DY 7.7628349
NODATA_VALUE -9999
[rows 208 to 233 of 301, columns 60 to 119 of 363]
123.58323 122.92416 121.58163 119.33209 120.47253 120.22439 120.01222 119.80199 119.04862 118.42123 120.89958 121.87861 122.23997 122.24351 121.85205 121.0504 119.38915 121.96589 122.63234 122.28434 122.36074 123.39962 123.88671 124.1604 123.21343 124.47089 124.9907 125.55273 126.99121 126.71064 125.80175 125.25924 124.25194 124.6386 123.4425 125.05347 125.2743 124.93215 125.19774 125.10494 124.0408 125.40524 125.94723 126.13099 126.22357 126.26966 126.26542 126.20894 126.15147 126.09153 125.98121 125.83848 125.619 125.36954 124.82475 125.31781 125.66806 125.8664 125.96355 125.99323
123.66785 123.05414 121.67887 118.81115 120.71056 117.82646 119.23379 118.57869 118.91914 118.43242 121.20955 121.93542 122.15703 122.16629 121.76732 120.538 120.67805 122.33613 123.0115 122.98895 123.06527 123.70515 123.85455 124.21071 125.02508 126.28106 125.96065 125.80977 126.10909 126.22881 126.53925 126.28264 125.60207 124.78136 122.91095 124.70488 124.76424 122.7828 124.89198 125.4157 125.05616 125.60389 125.95554 126.0592 126.17463 126.26642 126.28412 126.22175 126.13754 126.11587 126.06584 125.94627 125.73604 125.46685 125.34559 124.90941 125.37514 125.80467 125.94076 125.97382
123.79085 123.34848 122.70866 122.0799 121.70497 120.8024 120.0338 118.02519 119.82783 120.96582 121.6726 121.75721 121.42691 121.78779 121.36207 118.00314 121.28879 122.81306 123.41261 123.55706 122.61159 123.75791 124.12195 124.20354 125.58702 126.05337 126.05224 126.11901 126.25732 126.39061 126.7469 126.61439 126.19206 125.73767 125.316 125.33644 124.48623 124.26086 125.14897 125.51484 125.80922 125.9242 125.85447 125.45059 125.96825 126.24551 126.30287 126.23339 126.06802 126.0618 126.09775 125.99737 125.64254 124.02988 125.16768 123.23785 125.07081 125.76482 125.90637 125.93781
123.90045 123.59775 123.23949 122.87321 122.50939 122.0842 121.60597 121.23889 121.4752 121.82608 121.93944 121.23748 116.07925 121.14359 120.59531 120.61048 122.33121 123.25825 123.77524 123.9401 122.96527 123.98853 124.52549 124.95649 126.0546 126.56989 126.44878 126.56903 126.64248 126.67906 126.69526 126.67632 127.21259 126.75817 126.07863 125.61323 125.20443 125.29612 125.02808 125.51819 126.03747 126.02757 125.44211 124.7933 125.85218 126.23883 126.32886 126.30604 126.22555 126.14951 126.08736 126.02921 125.78921 124.89266 125.19427 125.45265 125.5943 125.75406 125.83332 125.87219
123.95755 123.73851 123.49282 123.23335 122.96737 122.69637 122.44092 122.26024 122.18661 122.1096 121.94983 121.59498 120.9518 120.77623 120.82281 121.57615 122.83618 123.59693 124.09117 124.37202 124.45889 124.59474 125.62971 125.68028 126.26299 126.84786 127.22973 127.29461 127.21325 127.11637 127.01205 126.93068 126.90761 126.75787 126.45469 125.79786 125.04633 124.69125 125.39509 126.08914 126.25956 126.15945 125.48249 125.5384 125.99779 126.23904 126.34645 126.33617 126.23011 125.93304 125.58878 126.00358 125.98999 125.80869 125.72501 125.66033 125.59939 125.54566 125.6226 125.74504
123.9447 123.77618 123.58627 123.38069 123.16856 122.95973 122.76268 122.57251 122.32128 121.80307 121.10814 121.22805 121.26697 119.04366 119.82796 121.90455 123.03935 123.80518 124.32956 124.70545 125.03116 125.49905 125.83996 126.19779 127.00519 128.2161 129.12886 128.61585 128.08186 127.76625 127.44144 127.25199 127.13776 127.02508 126.85865 126.58251 126.22365 126.02964 126.23651 126.43695 126.45349 126.32988 126.03208 125.58618 125.62171 126.13878 126.34372 126.32185 126.12523 125.72063 125.06717 126.01573 126.10212 126.02214 125.79944 125.01138 125.19636 124.45119 125.04044 125.50966
123.85065 123.71603 123.55171 123.35951 123.15303 122.95022 122.75276 122.53262 122.16765 120.97824 116.72177 119.10954 120.91978 119.89005 117.05767 121.22202 122.99834 123.88781 124.44522 124.81585 125.24887 125.70491 126.09191 126.68282 127.87455 130.44239 131.00275 129.60444 130.03061 128.85814 127.90852 127.59912 127.47001 127.38949 127.30051 127.17196 127.01121 126.86283 126.65673 126.54932 126.46111 126.37344 125.92797 124.24919 124.14842 125.98926 126.35631 126.27602 125.54734 125.10951 125.91892 126.12403 126.1428 126.07151 125.93168 125.22879 125.08573 124.35818 122.80482 125.26011
123.66078 123.55798 123.39767 123.17083 122.9019 122.65602 122.43095 122.17813 121.8661 121.17002 120.17905 120.70873 120.56838 116.47032 116.73001 121.07521 122.94578 123.74388 124.32923 124.09582 125.25149 125.90752 126.41196 127.00941 128.04335 129.88841 129.40406 129.44781 131.30142 129.25047 128.21439 127.91388 127.8183 127.79164 127.77807 127.7332 127.61651 127.40394 126.8836 126.64988 126.30301 126.27186 125.2407 124.61165 124.6097 126.13202 126.46023 126.35192 125.35212 124.61627 125.99611 126.08915 126.09397 126.02172 126.06537 126.06333 126.53669 125.86647 125.52332 124.87067
123.35144 123.30128 123.13274 122.79352 122.25957 121.89887 121.69953 121.23474 121.01431 120.29164 120.21015 121.72951 121.56088 120.54402 119.18428 120.08519 122.86718 122.95223 123.94694 124.86799 125.52837 126.11357 126.71837 127.41751 127.76921 128.65247 130.5653 131.24037 129.43321 128.74474 128.34349 128.19379 128.17993 128.24081 128.34554 128.42723 128.34046 128.01989 127.91061 127.28486 126.72055 126.33408 124.83691 125.59282 126.09286 126.49577 126.6555 126.59719 126.35473 126.19088 126.09042 125.41668 125.76388 126.07211 126.2175 126.68557 127.24648 126.58618 125.42895 123.5317
122.88643 122.94806 122.78747 122.27502 120.63704 119.56278 120.59834 118.6329 117.95255 120.44527 121.30318 122.26708 122.51814 122.18002 121.26928 121.35917 123.3371 124.03838 124.53178 124.29832 125.75619 126.17313 126.78926 127.4986 127.68349 128.40519 129.76679 129.91427 129.02608 128.61622 128.48545 128.48407 128.57483 128.75771 129.0861 129.52418 129.62826 128.87664 128.15471 127.71784 127.29379 126.74595 125.40323 125.50221 126.56131 126.80313 126.86843 126.82546 126.70568 126.53575 126.19351 125.10137 125.04106 125.74954 126.17248 126.4533 126.78794 126.16971 125.97405 125.21203
122.22233 122.49804 122.39587 121.85932 120.48596 119.59252 119.82017 118.75129 118.82628 119.38196 121.3167 122.66811 123.19235 123.33568 123.37786 123.66726 124.09257 122.82962 124.55395 125.45712 125.99992 126.1881 126.66721 127.19153 127.62539 128.0951 128.54617 128.70328 128.63996 128.63342 128.69623 128.82763 129.03874 129.34452 130.00686 131.47533 131.85716 130.10586 128.6822 128.08294 127.67031 127.24268 126.73157 126.65854 126.94037 127.03775 127.05036 127.00293 126.90153 126.74077 126.47319 126.03486 125.40511 124.55472 125.98993 126.24657 126.16411 125.93084 125.32476 125.24233
121.34458 121.9342 121.9014 121.38799 119.92361 119.0943 119.58761 119.17716 119.17128 119.20927 121.71056 123.10253 123.73206 124.06566 124.3063 124.56298 124.75433 124.58721 125.20016 125.84518 126.21444 126.17128 126.62685 127.23819 127.65512 128.0166 128.30712 128.38123 128.37332 128.75028 128.9947 129.2642 129.71567 130.11938 130.57865 130.99673 130.60544 129.94491 128.9184 128.34436 127.93622 127.28402 127.17109 127.23862 127.16536 127.14107 127.16464 127.13004 127.04282 126.90825 126.71343 126.44869 126.08399 125.73497 126.07633 126.15137 125.99087 125.27264 123.65675 125.30306
120.56807 121.14768 121.03836 120.65412 119.67054 120.85015 121.29285 121.00402 121.12431 121.97763 122.87242 123.6739 124.21304 124.57997 124.86494 125.11689 125.33413 125.52396 125.77449 126.07656 126.41329 126.66213 126.99007 127.40429 127.76694 128.08966 128.36679 128.48632 128.00175 129.01384 129.45673 129.77719 131.07469 131.12903 132.24953 132.15233 131.05473 129.63675 129.03084 128.54614 128.02423 127.40969 127.36967 127.4304 126.74819 126.71377 127.16884 127.18065 127.12221 127.02855 126.87744 126.66802 126.41354 126.1754 126.05845 126.01318 125.88117 125.38175 125.66704 125.90635
119.62977 119.29227 119.27207 116.37485 120.53626 121.63817 122.18455 122.37055 122.64371 123.12384 123.67942 124.20491 124.63733 124.98145 125.26616 125.51324 125.72785 125.89123 125.83763 125.58769 126.47175 126.9121 127.25312 127.58975 127.90252 128.20125 128.52995 128.8362 129.12879 129.74564 130.50965 130.50953 130.43478 130.53894 130.81535 130.83541 130.32127 129.64123 129.2496 128.92429 128.5567 128.19405 127.88356 127.59156 126.36773 126.3863 127.11987 126.99138 127.05693 127.08779 126.98015 126.77313 126.44522 125.83346 125.44216 125.74079 125.31151 125.77844 126.06158 126.16654
119.35671 118.71583 116.84061 119.39422 118.14176 121.82076 122.51487 122.22859 123.14582 123.72791 124.20164 124.62244 124.98917 125.30395 125.57541 125.81072 126.00853 126.13568 125.93226 125.24275 126.55227 127.03802 127.40505 127.73452 127.9651 128.04676 128.62616 129.16014 129.82283 131.04182 132.06673 131.47732 130.97474 130.73799 130.45611 130.24391 130.02374 129.84279 129.67678 129.7055 129.20306 128.5592 127.66377 127.39113 127.61335 127.4266 126.90058 124.67766 126.65534 127.10032 127.03937 126.82587 126.41897 125.54328 124.24105 124.72437 124.31568 125.72083 126.18265 126.23469
120.21487 120.17922 120.8346 120.94742 121.38142 122.44983 122.839 122.60214 123.40049 124.09473 124.55594 124.93305 125.2642 125.55804 125.81584 126.03558 126.21303 126.34128 126.40109 126.45409 126.58876 126.97578 127.44862 127.82979 127.98364 126.15593 128.66682 128.34061 130.59444 131.46728 131.42818 131.64632 133.92425 131.95986 130.79182 130.3504 130.23692 130.78288 130.53949 131.19977 129.86606 128.87539 128.06693 127.93328 127.91849 127.69525 127.1597 125.41092 126.80745 127.13943 127.03934 126.84419 126.47191 125.31676 123.41446 124.6427 125.22 126.00735 126.28187 126.20482
122.12315 122.03963 122.04159 120.39265 121.23268 122.93326 123.29005 122.98249 123.77221 124.39013 124.80183 125.14656 125.45981 125.7459 125.99647 126.19613 126.32601 126.3993 126.50074 126.49852 124.93868 126.44848 127.32267 127.84556 128.20719 128.4944 129.23974 129.97084 131.32754 133.07514 133.31478 131.95148 133.70155 132.84061 131.29616 130.62959 130.4798 131.70441 131.15016 130.11825 129.74041 129.3326 128.88088 128.67689 127.45629 127.36422 127.77538 127.45337 127.3014 127.10615 126.7787 126.67804 126.61 126.13136 125.62004 124.84662 125.55802 126.27178 126.35514 126.14331
122.94467 122.86031 122.73544 122.58664 122.85434 123.33414 123.59385 123.85266 124.21649 124.59248 124.92594 125.24451 125.56098 125.86277 126.12319 126.30203 126.30502 125.95062 126.11725 126.51496 126.3024 126.31738 126.64848 127.68212 127.698 128.25342 129.74585 131.76456 132.24654 132.89827 132.24934 132.05871 132.65728 135.09276 132.04033 130.92626 130.57596 130.54537 130.41 130.17064 130.04463 130.04258 130.14829 129.62208 128.79155 128.37877 128.155 127.73873 127.28014 126.7907 125.05183 125.67204 126.65985 126.71553 126.57328 126.43401 126.4706 126.50817 126.28797 125.87383
123.31874 122.9977 122.40938 122.70763 123.2629 123.25583 122.88874 123.76123 124.28053 124.56928 124.84139 125.15803 125.52546 125.89431 126.20403 126.39313 126.27473 124.20674 124.88771 126.36959 126.51086 125.63629 125.21631 127.60778 127.78743 129.05507 130.49495 133.97224 132.27577 132.72555 132.29068 132.76066 137.06759 133.4484 132.2881 131.17675 130.73906 130.58124 130.51728 130.48649 130.5603 130.97396 133.39558 130.89962 129.71659 129.03226 128.34369 127.52114 125.95593 126.31041 124.72805 125.3483 126.69897 127.01049 127.03149 126.9704 126.86964 126.62495 125.90408 123.88779
123.51986 122.70502 118.71513 121.28124 123.2805 122.83552 118.36403 123.39118 123.99363 124.11334 124.34434 124.70346 125.25648 125.81528 126.24646 126.51096 126.53778 126.18296 126.02603 125.11579 125.99837 126.10394 125.90538 127.91172 129.02592 129.96291 130.95148 131.91421 132.73078 135.08155 133.56258 132.41067 133.08962 136.21185 132.90791 131.35154 130.94807 130.85778 130.95026 131.05138 131.17143 132.26778 133.41413 131.59375 130.52264 129.54752 128.44856 126.14174 126.52727 126.3151 124.86228 125.68741 126.86032 127.22947 127.31637 127.27248 127.11018 126.71629 125.76434 123.85269
123.78292 123.2312 121.8005 122.47062 123.64164 123.7207 123.42737 123.74446 122.73477 122.36897 122.90621 123.32343 124.56626 125.61557 126.26392 126.64069 126.81333 126.78725 126.3812 124.40858 123.81518 126.05044 126.75308 128.03327 129.7254 130.84955 132.11095 132.93618 137.74297 133.12089 132.45535 132.1058 132.38526 132.57603 132.00119 131.40209 131.17056 131.22978 131.86369 132.72379 131.74187 132.38609 134.26128 132.77625 131.72927 130.10215 129.02048 128.14593 127.42487 126.31917 123.54016 126.08079 127.06818 127.42866 127.54134 127.50989 127.3312 126.87466 125.66392 122.78754
124.05351 123.86463 123.64765 123.77789 124.09918 124.26767 124.27616 124.03412 122.36168 121.65603 119.04267 119.64538 123.45895 125.41628 126.30412 126.77253 127.02062 127.0952 126.90285 126.03044 122.48135 126.07439 127.80735 129.33374 130.69206 131.93195 134.00062 134.35136 134.0951 132.61774 132.09505 132.15776 134.12786 133.59398 131.90939 131.51071 131.41526 131.57338 132.3584 133.63317 132.12476 132.16074 133.55291 132.88641 132.27767 130.58737 128.72729 128.52511 127.38073 125.05114 123.12559 126.34131 127.24834 127.61342 127.74533 127.73583 127.5867 127.20023 126.22918 124.44445
124.12615 123.9418 123.8277 123.94607 124.21788 124.43272 124.48514 124.30878 123.77941 122.81518 121.10912 120.03645 123.52035 125.51978 126.43494 126.91443 127.17752 127.31058 127.33084 127.0854 126.34512 126.69074 129.03145 130.44562 131.98133 133.30579 135.99946 134.47176 134.59901 132.60375 132.07619 132.13146 133.16862 132.94774 131.96322 131.70721 131.71014 131.92813 132.37707 132.76057 132.69039 132.55138 132.72781 132.58846 132.35732 130.98044 129.31237 128.69141 127.63727 126.35789 124.16896 126.17675 127.38627 127.78409 127.9387 127.9607 127.87096 127.64261 127.23314 126.80659
123.86164 123.32563 122.88096 123.17785 123.89079 124.31826 124.40262 124.2035 123.88255 122.51647 119.78126 122.70751 124.69617 125.94944 126.66139 127.05572 127.24182 127.30253 127.44834 127.73418 127.74478 128.27427 130.22133 131.93517 132.12786 132.56503 133.23868 133.55245 133.67753 132.51431 132.13189 132.08516 132.2326 132.26423 132.10294 131.99856 132.09815 132.46314 133.33358 134.89827 134.33685 133.99043 133.13989 132.17875 131.47787 130.56633 129.60745 128.68221 127.54165 125.42066 125.85011 126.5486 127.53044 127.94245 128.12046 128.17655 128.14581 128.0359 127.84515 127.49523
123.08193 121.66635 119.73237 120.61489 123.09118 123.90031 123.89537 122.99977 122.07406 123.76525 124.00565 124.85052 125.73023 126.44133 126.92145 127.17403 127.14446 126.60591 126.37527 127.78754 128.71518 129.78959 131.53573 134.45926 132.70565 132.31988 132.64039 132.98193 132.92638 132.55172 132.29651 132.25808 132.49248 132.92091 132.68931 132.4297 132.63732 133.51851 134.05753 136.58397 137.3842 137.91742 135.56078 132.65378 131.35052 130.43694 129.44798 128.42302 126.54789 126.76285 123.9262 126.33224 127.64548 128.07871 128.28494 128.37373 128.38819 128.34807 128.25443 128.03665
121.69173 118.19036 121.01716 121.39688 120.2029 123.01264 123.12495 118.76914 121.41233 124.4978 125.37252 125.90541 126.4137 126.85348 127.16728 127.28397 126.95898 125.31049 124.59961 127.39421 128.87813 130.24574 132.03651 134.73679 132.87721 132.68175 133.23579 134.76215 133.98537 132.97733 132.60274 132.554 133.10071 137.26194 134.00438 132.97442 133.09937 136.77547 134.05321 134.1613 134.61131 134.41805 135.08034 133.63882 131.5098 130.5518 129.42064 128.72647 128.33566 127.61351 125.67155 126.79002 127.65979 128.17193 128.42787 128.548 128.593 128.59275 128.5623 128.50637
